14613
3011
7712
4312
6392
3406
9132
6773
3096
3008
16073
3019
3018
3090
4552
5432
3092
3088
3208
3254
3751
3747
3099
9272
3103
3104
5772
3813
3089
9413
3107
12812
16935
3253
3105
23396
16312
6592
18618
17935
3102
3306
3047
3046
3014
23616
3015
3013
10472
8552
26793
26792
3832
10112
10052
19069
10072
10132
19068
12712
26104
26307
12576
26566
26783
12172
10152
6932
12032
3189
5156
5153
5155
4852
32480
12532
5152
10792
22506
5694
5692
18457
10794
6532
3100
10793
6232
3094
32767
32768
18318
4492
6194
5693
18355
15732
18575
13396
3309
3020
10192
16073
14613
3019
4995
3046
3018
3090
9272
16313
3287
4912
3104
7712
10672
25633
3307
31123
4312
31784
31267
10732
2800
1941
2160
19194
3446
2461
2928
2480
2620
3959
3248
26847
26455
12352
10292
8572
10636
26720
3513
3512
3508
3515
3509
9212
1660
3086
3507
9372
8812
11394
4512
12013
12132
4373
32492
8453
26916
32421
3511
26572
10634
15833
26571
3992
15313
11352
10632
3516
26970
10633
12392
10635
12012
11872
26565
32505
32677
26586
2925
32497
6412
8534
10173
26253
21318
2926
5332
8535
2020
11295
9653
32675
32493
21317
8637
10172
5673
18178
18813
18396
7052
3487
25843
3488
3510
21616
4274
21617
15959
14573
15672
25842
3233
3232
4413
3236
3234
21096
3648
3566
3933
3235
10952
10252
8872
3649
19116
25496
5453
8412
26134
14858
26136
14852
18802
5456
5455
11992
25397
28074
16452
31948
25246
16453
25437
2984
10213
5132
2985
2260
10214
2200
6112
3048
10232
32424
6052
26317
19116
2021
15701
1840
1860
1881
2043
1880
14652
2520
5712
32479
12093
5685
26445
12554
26953
5573
15253
12553
26540
26538
26539
26536
26537
15258
5579
5686
26446
31785
26277
5575
22400
26960
26356
26157
26447
5666
5667
6037
6032
6033
6036
6034
5668
12094
15056
6040
6041
6042
18890
6044
6872
5669
5670
5680
5671
18844
5672
5574
18812
18723
12096
18719
18718
26322
7292
5679
5678
5681
5676
26423
26155
6252
26428
18815
14252
26310
26308
26584
26577
14973
18722
26582
26311
26585
26309
26312
18423
10912
6172
5657
3148
15256
15312
32463
14472
31836
18301
5232
1500
8594
18300
1761
10432
22572
6832
13595
5992
1341
4012
15701
2660
14652
5032
5034
5033
3606
5036
5192
3892
8636
14742
14812
8639
15259
13012
25628
2240
25629
18683
18277
11172
3914
13395
3913
12792
13392
16341
18310
13393
13394
18432
1561
10492
16292
4012
4332
4734
4972
4974
4975
8533
13832
32484
4973
5012
7252
15058
22115
9672
26570
27040
18978
13833
8512
15054
26638
15209
22167
21562
28074
26828
4952
1362
21895
4332
12312
25744
4932
4734
4972
5072
9412
28018
6792
21496
32478
26695
28793
28782
28809
28783
28796
15055
29189
4975
6332
12313
32465
30990
12332
1003
16372
22513
26218
30927
10192
4995
4992
26435
15555
15554
25594
26457
26448
26459
26443
25995
26461
26460
3102
4994
4993
3309
26249
3307
3252
13657
3308
6332
26561
26562
3751
2925
3747
2520
3832
3487
2021
3189
28012
31031
28850
28849
31029
31027
31030
26218
7194
15065
3014
5172
4752
29550
26049
3015
3013
18845
16447
21160
29683
32482
25476
25478
32483
15296
18846
15294
8492
15297
8495
25477
17675
15295
21615
8494
2800
3309
1941
2160
3233
3099
10192
16073
14613
19194
21895
3446
15701
2461
12312
1840
3148
3512
3508
3232
2928
2480
28012
2620
9272
3011
2984
9972
30490
26849
26531
23536
23535
26200
26603
23537
4734
3170
12313
21721
3687
15397
3706
3750
10312
32765
22699
27733
22656
18960
23207
3749
7512
23193
27597
10313
3726
13212
15152
14152
32729
18617
12933
18308
18615
18498
10315
32792
27741
18854
27742
26351
22875
21363
19160
26252
26201
25493
25249
21377
18855
25900
25715
22596
32737
22487
23338
22815
15073
23135
15853
27959
25904
13434
28627
23220
23180
27189
26927
16203
9152
19160
18425
32263
16433
32256
32247
32264
16441
22815
25998
25915
6492
13632
14575
13633
8332
8333
8352
14574
17915
13692
26917
27104
18716
16441
22815
22875
23135
15452
26439
15853
18560
3666
26201
18820
3669
3667
3651
18180
16895
22012
13572
14995
27710
28585
26568
3671
27746
14932
25923
21363
15073
25904
18215
8832
7472
9933
4932
18428
19058
18429
6754
21377
18176
32732
16174
31219
23180
25493
23403
23397
30928
23398
23400
23402
23401
23404
30930
30929
23399
26252
26430
26431
7772
11653
16392
28630
23213
18908
23205
28629
11654
23232
16112
18359
18360
28644
18376
31218
11952
21875
18372
13316
13315
13314
13317
15209
9472
13313
32728
13332
32727
6753
25249
15207
27189
26529
6752
18155
25715
11432
31220
31221
13316
13315
13314
13317
15209
9472
13313
32728
13332
32727
1723
28556
31216
9752
5452
26937
26934
21115
22596
13434
23220
26747
25956
23206
32526
26352
26291
26294
26292
26293
26725
29703
26370
13435
19058
22635
26713
26712
13292
27709
22756
22757
8852
16203
22735
9932
9934
15205
26589
27016
3653
13293
27785
19176
21106
22509
13812
27017
31143
15172
27041
4072
9173
21647
11732
13252
9432
12021
19095
26560
22175
15992
15958
15961
27063
14740
31597
26048
26047
26722
18635
9152
19160
18425
32263
16433
32256
32247
32264
9452
13092
26050
9433
31065
15932
13552
11392
15933
11393
13412
26051
26045
26491
19163
5952
18422
15557
26492
26489
12292
26490
26044
26484
31572
26493
26483
31471
26513
26488
15552
32506
25496
14515
12254
18635
9153
9174
9175
9292
15198
12092
11712
26154
15201
32510
30926
12772
32511
4932
10253
9172
27087
12013
27563
11612
15197
15033
31591
15199
9152
21363
32513
11712
25276
32514
32515
32516
32535
32761
32762
25782
32517
15073
14272
9173
19081
31947
19162
9452
9174
10253
9175
19235
9172
18855
6012
5852
14855
15592
14736
14458
14740
14737
11595
25583
25584
25578
25529
25592
25531
25589
25590
25577
25586
25587
25582
25580
25903
25591
25522
25579
9232
26544
26522
16338
26590
26591
16755
25544
25541
25540
25543
25538
31755
10355
22990
10353
10552
14552
12673
4892
10392
14741
14552
14813
14834
10354
12732
14835
32536
9352
11754
10374
10372
14739
15052
10373
25534
15057
5413
10412
23617
18291
15292
11755
18281
25815
11112
17135
10355
10412
4892
14458
10552
9352
11754
10374
10372
14739
15052
10373
25534
15057
5413
10412
23617
18291
15292
11755
18281
25815
11112
30476
25517
30469
30474
25440
25365
11113
30472
30471
30470
30477
30473
30475
9552
28012
32530
30933
26218
7194
15065
18448
18366
18364
18356
18363
18365
18315
30460
30464
30461
30466
30463
30465
30462
30459
30467
17135
9855
31230
31227
31231
15395
31229
32705
31228
31232
9553
7193
6992
14674
18938
25235
18937
18936
26331
26608
26419
26337
26371
26520
23178
26519
26442
26330
29935
16915
26604
25244
26441
18315
30460
30464
30461
30466
30463
30465
30462
30459
30467
18418
11473
14743
10032
32719
30476
25517
30469
30474
25440
25365
11113
30472
30471
30470
30477
30473
30475
17015
18416
32698
25962
18450
32720
18415
31837
19165
23114
16234
29530
18423
13452
15396
30038
29529
31934
21721
3687
15397
3706
3750
10312
32765
22699
27733
22656
18960
23207
3749
7512
23193
27597
10313
3726
13212
15152
14152
32729
18617
12933
18308
18615
18498
10315
32792
18925
18927
18926
18929
18928
18931
18930
9854
11932
17515
23515
11572
3646
25518
31726
11632
11776
9332
14459
18443
15202
15272
15273
31241
18445
18444
3647
23278
32774
32770
32786
32779
32778
32772
32775
32776
32771
32777
32773
32780
32738
23278
10314
21277
11132
23175
21361
19175
28468
31561
27015
9826
21316
25632
18314
16515
31301
31529
25255
32508
12976
31531
29701
21595
31532
32766
31540
31530
25258
31300
25257
22498
21109
12832
21135
22485
12892
15274
21157
12853
13132
18735
18397
14592
18480
18459
6412
10932
18430
18406
18398
21362
18811
18479
30945
30947
13077
13073
30948
13076
21433
13075
30935
13074
30936
18243
12875
12872
25795
12854
28539
14455
25247
12877
6072
12876
18715
18562
5314
18563
32699
18564
25919
26642
25905
13232
30815
30821
30823
30825
30816
30822
30824
30817
30818
19084
26881
19083
28794
28780
19082
15072
26248
19088
19089
22255
19086
26216
19085
19087
21675
11294
13872
14072
31202
31196
31201
18656
13032
18655
23377
14676
31888
23375
9823
13112
18657
31466
21159
9792
9850
12973
11912
31886
31943
31887
31969
28829
13752
22275
28795
28784
22315
22382
28929
29469
28889
23192
23296
23294
23292
23287
23286
23290
23288
23295
23293
32501
19144
28676
18433
18961
28677
28675
32763
28679
28678
28680
7773
9652
11274
11273
31643
13080
11275
14461
13079
11272
11532
13078
3514
12372
30926
23279
23280
23275
23283
23276
23277
23306
16348
23284
23282
23308
23307
23285
23361
23311
23360
13472
12633
12635
18399
22398
26148
23159
25271
11412
21240
23023
15832
23035
23017
23018
31589
23019
23015
23022
23016
23024
21739
21738
21737
21740
23229
21741
12636
26785
32707
12652
12634
12992
26518
13013
18304
9848
22955
22988
31644
25379
25378
31814
31505
12432
22076
22080
22075
26784
31465
22079
26880
22077
15234
15972
23230
23231
18289
18288
18287
15372
25236
32743
32200
28951
28950
28953
28955
22078
28952
21102
28956
29031
28954
29029
29030
27004
22397
31381
31382
28486
28485
28484
26786
28487
31450
28488
30538
26016
26015
26014
30527
23240
26786
22396
22235
22239
18888
22237
23228
22238
23227
28671
22395
22236
23115
12632
13052
18816
15200
26172
26071
26072
26176
26074
25539
21337
26068
21648
26067
26069
26437
26436
26438
15261
31752
4272
11774
22636
11772
25456
14232
11775
18181
26989
18677
13593
11812
8952
5677
23187
16358
18998
23183
26463
12393
23182
11773
23185
23212
11852
26575
10673
23184
23211
23234
23222
23258
23190
23259
23210
26096
11395
25839
26246
23191
23188
23219
25841
25840
12394
25484
23218
23255
26465
23208
23235
23209
23236
26791
23223
26467
26569
23238
23237
25844
8972
25741
25737
25742
25738
23215
25740
25736
25739
25743
8912
18306
21635
26149
13172
22512
4273
3250
26671
26696
16755
5332
30887
30988
32742
26696
30894
30890
30891
25267
9252
27598
27599
27601
15094
12192
30820
27600
27602
30884
30984
27601
22156
30925
8640
14453
30910
30908
30946
26036
23376
23416
25770
26038
26035
26039
26040
26057
26062
11776
30961
18431
30960
30962
10355
12672
22990
30826
10353
10552
14552
30828
12673
18317
30829
26672
30831
30830
26641
18958
30827
30832
22158
27601
26877
30881
30901
27601
30957
22157
18431
30973
30974
30968
14952
14953
14954
26278
30836
22160
31011
30834
26464
23256
30833
23186
13153
32769
21739
21738
21737
21740
23229
21741
12636
26785
32707
12652
12634
12992
26518
11633
9192
13013
23555
29948
32488
18865
18405
23615
10392
31222
18317
26329
26541
26540
26538
26539
26536
26537
25544
25541
25540
25543
25538
31755
6073
22975
26528
5112
3752
26078
26534
15260
26595
13656
26544
26826
26594
13792
3147
5113
26522
15553
26587
26590
15120
26591
13914
3772
21315
13913
26825
25297
14454
25920
18290
17435
27065
14743
17535
32488
18405
15060
15059
12393
25735
14872
8652
26066
15060
18431
8653
23177
9906
14893
13155
32419
26230
32181
22215
17795
13152
21142
9866
26150
12414
14632
13612
9851
23192
26037
18523
25916
23297
16495
23455
9870
10953
23495
23299
23298
30909
18958
30907
21721
3687
13232
11294
19144
15397
3706
9792
12875
11932
17515
13013
7773
12872
13472
11572
18926
9652
11632
11132
11274
13752
21738
21737
27734
27712
27743
27745
27719
11532
21739
21738
21737
21740
23229
21741
12636
26785
32707
12652
12634
12992
26518
5793
10454
9902
10452
26410
10455
11012
31857
10453
11013
16615
26417
26415
26416
26418
13594
25274
25269
22935
9903
25395
25357
25436
25435
25497
25439
25375
25270
25455
25272
31946
12452
26888
25996
22895
9902
10452
26464
26096
26246
25743
12394
26465
26467
9293
14272
13592
26915
9552
28012
32530
30933
26218
7194
15065
18448
18366
18364
18356
18363
18365
18315
30460
30464
30461
30466
30463
30465
30462
30459
30467
17135
9855
31230
31227
31231
15395
31229
32705
31228
31232
9553
7193
6992
14674
18938
25235
18937
18936
26331
26608
26419
26337
26371
26520
23178
26519
26442
26330
29935
16915
26604
25244
26441
18315
30460
30464
30461
30466
30463
30465
30462
30459
30467
18418
11473
14743
10032
32719
30476
25517
30469
30474
25440
25365
11113
30472
30471
30470
30477
30473
30475
17015
18416
32698
25962
18450
32720
18415
31837
19165
23114
16234
29530
18423
13452
15396
30038
29529
31934
9552
21160
29683
32482
25476
25478
32483
15296
18846
15294
8492
15297
8495
25477
17675
15295
21615
8494
3014
5172
4752
29550
26049
3015
3013
18845
16447
7592
28012
7272
11475
11472
5632
28850
28849
25848
31027
3189
32685
32679
32684
32683
32680
32682
32681
32678
28012
18366
9553
7193
14743
17015
18415
18315
30460
30464
30461
30466
30463
30465
30462
30459
30467
18938
25235
18937
18936
26331
26608
26419
26337
26371
26520
23178
26519
26442
26330
29935
16915
26604
25244
26441
18315
30460
30464
30461
30466
30463
30465
30462
30459
30467
10872
4413
32393
22937
3234
21096
27342
13512
10832
10852
3232
3236
10992
3566
27375
10972
10852
5414
18481
18454
11613
15035
10892
18876
18872
3972
8694
16252
14673
3656
32655
32658
32656
32661
32660
32659
32657
32663
32662
32668
32649
32652
32648
32646
32647
32650
32651
32630
32638
32640
32639
32641
32637
32632
32635
32636
32665
32653
32643
32633
32664
15036
14180
15035
10892
8872
3649
14173
14177
14180
14193
14195
5412
32485
14178
14181
14196
14197
14174
14192
14194
14176
14179
32676
14182
5793
5792
10832
3972
8694
16252
18870
17655
18381
18866
26721
26550
18868
26481
18879
18869
19096
26705
26458
18871
17656
3934
5833
18874
12232
18836
5392
10952
15393
9953
21177
15394
16332
9952
16955
15435
14212
12212
25781
26664
10872
11072
11053
26247
2020
21475
11052
26144
5472
9112
16455
8692
15872
10852
5414
18371
21676
18369
18370
18368
32721
5872
16272
32498
5472
14673
18481
9352
11754
10374
10372
14739
15052
10373
25534
15057
18454
5413
10412
23617
18291
15292
11755
18281
25815
11112
11613
9352
32655
32658
32656
32661
32660
32659
32657
32663
32662
32668
32649
32652
32648
32646
32647
32650
32651
32630
32638
32640
32639
32641
32637
32632
32635
32636
32665
32653
32643
32633
32664
7732
7735
7733
7734
7736
14972
9532
18914
7737
16735
18912
22816
14012
13734
14312
23438
23436
23437
13734
13852
22520
13892
22524
22526
32754
32755
28013
14292
22522
22525
22527
22519
32711
32717
32749
32748
26542
26543
22521
26558
26557
18635
31947
32443
32444
18503
25957
15433
25958
15432
25959
26135
15534
25961
25960
9392
9532
31059
13672
14958
26117
15434
15492
26704
25315
5852
14712
14956
14752
31129
18910
18911
26319
12873
15061
13072
17395
18909
18913
12752
26714
25554
25627
23519
32764
14012
13734
18357
12073
18556
16715
26932
15192
12752
23225
2560
3170
5094
2680
22677
3168
5093
18421
5454
5252
18456
26325
26324
10332
18797
22383
26320
5852
7734
9392
14712
23225
15812
16875
25376
23425
25782
7736
13852
12073
9532
3170
9492
26217
9492
18503
25957
15433
25958
15432
25959
26135
15534
25961
25960
18817
22875
18854
18853
22595
11595
26146
11594
11593
26147
18851
26692
22698
18852
26691
18837
21475
27369
31127
31128
22989
25249
23395
26351
22508
23059
26145
26231
25496
5292
14912
27066
12273
5552
9153
9113
9232
11512
16352
15673
25915
22655
26700
19118
15716
26232
31124
26355
18817
16863
16862
26151
9885
16857
16856
16859
16575
9882
31217
32309
15835
16842
16840
25515
9878
16835
16837
16841
16843
16413
9875
16595
16635
16836
9890
16577
23337
9153
5292
9112
9632
22562
26421
22568
14854
9873
26882
26420
21244
9880
26456
22570
9113
9232
11594
18959
19206
19193
19188
19192
14913
19187
26235
26983
22571
19186
27168
21442
9112
5332
30887
30988
32742
26696
30894
30890
30891
25267
16596
19187
11595
25583
25584
25578
25529
25592
25531
25589
25590
25577
25586
25587
25582
25580
25903
25591
25522
25579
11037
15400
15402
15652
15654
25245
12474
15653
11039
25956
23206
32526
26352
26291
26294
26292
26293
26725
29703
26370
13435
13652
32634
30972
32486
30970
30971
32701